0.229 0.085 -0.208 0.196 -0.195 -0.100 0.209 -0.250 -0.007 -0.084 
-0.349 -0.134 0.285 -0.287 0.267 0.118 -0.290 0.405 0.026 0.130 
1.421 0.539 -1.180 1.171 -1.141 -0.560 1.142 -1.502 -0.108 -0.479 
-0.027 -0.019 0.022 -0.028 0.028 0.019 -0.023 0.034 0.002 0.010 
0.825 0.305 -0.684 0.676 -0.651 -0.332 0.651 -0.877 -0.036 -0.289 
-0.764 -0.274 0.633 -0.632 0.616 0.310 -0.641 0.816 0.048 0.276 
-1.330 -0.492 1.106 -1.096 1.075 0.532 -1.067 1.398 0.085 0.447 
0.465 0.170 -0.394 0.411 -0.407 -0.195 0.389 -0.471 -0.036 -0.162 
-0.454 -0.172 0.397 -0.365 0.368 0.174 -0.374 0.468 0.024 0.157 
0.014 0.008 -0.011 -0.014 0.004 0.020 0.032 -0.041 -0.003 -0.013 
