-0.092 -0.131 0.041 -0.018 0.058 0.036 0.072 0.027 -0.113 0.110 
-0.069 -0.049 0.035 -0.025 0.022 0.069 0.038 0.040 -0.034 -0.002 
-0.081 -0.019 0.003 0.110 -0.104 -0.078 -0.043 0.168 0.092 -0.055 
0.153 0.135 -0.044 0.039 -0.033 -0.061 0.010 -0.167 0.135 -0.148 
0.134 0.107 -0.021 0.107 -0.053 -0.023 -0.033 -0.182 0.040 -0.061 
-0.076 -0.004 -0.026 -0.021 0.039 0.033 -0.055 0.090 0.062 -0.026 
0.135 0.071 -0.087 -0.086 -0.005 0.028 0.047 -0.050 -0.007 -0.010 
-0.005 0.074 -0.001 0.105 -0.063 -0.081 -0.050 0.067 0.014 -0.054 
-0.088 -0.147 0.094 -0.086 0.092 0.055 -0.020 0.091 -0.144 0.153 
-0.052 -0.037 0.003 -0.101 0.033 0.021 0.032 0.028 -0.035 0.110 
