10.258 -3.071 8.702 6.089 -5.075 2.823 0.861 8.682 12.522 -4.757 
6.903 12.182 -1.335 3.866 14.282 8.732 0.743 1.472 -0.678 11.455 
2.912 6.636 5.093 11.097 16.676 11.197 2.041 14.714 7.578 4.223 
2.962 -2.164 11.152 -8.336 -1.074 1.076 4.487 9.787 4.759 -2.990 
15.030 6.662 4.192 8.695 5.528 -1.527 12.427 1.270 -5.056 6.748 
7.725 7.857 8.385 7.819 13.954 5.061 -0.985 -4.005 14.775 16.594 
-4.783 -2.264 -5.569 16.369 -0.600 3.357 -2.554 -1.113 8.143 -2.797 
5.896 3.173 13.865 5.088 6.869 -0.607 13.561 14.295 10.664 3.505 
1.044 13.389 6.362 4.428 16.208 0.316 4.489 -4.776 6.310 -0.736 
6.817 11.528 7.001 11.249 7.897 16.401 9.605 15.341 10.288 12.749 
