0.123 0.019 -0.067 0.006 0.056 0.033 0.017 -0.052 0.031 -0.008 
-0.187 0.001 -0.019 -0.080 -0.048 -0.053 -0.105 0.107 -0.102 0.092 
-0.061 0.008 -0.008 0.168 -0.151 0.040 0.102 -0.059 0.097 0.067 
-0.033 -0.026 0.007 0.003 0.029 -0.012 0.048 0.020 -0.025 0.029 
-0.143 0.045 -0.003 0.013 -0.092 0.035 0.018 0.133 -0.072 0.038 
0.128 0.051 0.011 0.049 0.007 -0.013 0.063 -0.093 0.077 -0.018 
0.108 -0.018 0.006 -0.056 0.119 -0.060 -0.077 -0.022 0.051 -0.078 
-0.076 -0.021 0.015 -0.066 0.037 -0.031 -0.079 0.115 -0.161 0.043 
0.054 -0.046 0.015 -0.090 0.015 0.010 -0.072 -0.013 0.048 -0.025 
0.077 -0.018 0.074 0.064 0.057 0.018 0.030 -0.128 0.071 -0.039 
