1.664 -5.906 3.798 -2.051 -4.423 0.699 -2.373 2.060 -1.099 1.181 
-0.445 2.382 -1.578 0.805 1.723 -0.335 0.849 -0.929 0.580 -0.270 
-1.011 3.276 -2.059 1.160 2.503 -0.328 1.297 -1.063 0.536 -0.783 
-1.394 5.389 -3.427 1.837 3.998 -0.649 2.114 -1.934 0.990 -1.024 
1.659 -6.752 4.367 -2.360 -4.983 0.857 -2.553 2.441 -1.275 1.170 
-0.241 1.179 -0.748 0.455 0.842 -0.139 0.370 -0.502 0.214 -0.116 
0.777 -3.237 2.006 -1.138 -2.239 0.405 -1.117 1.147 -0.571 0.579 
-0.676 2.477 -1.530 0.877 1.794 -0.333 0.950 -0.835 0.423 -0.460 
1.002 -3.849 2.439 -1.307 -2.851 0.476 -1.420 1.382 -0.705 0.704 
0.836 -3.086 1.987 -1.111 -2.386 0.393 -1.266 1.137 -0.616 0.615 
