9.694 1.638 4.856 7.207 -4.429 -3.239 0.148 -0.049 7.613 -0.783 
2.628 5.009 3.506 6.590 5.154 0.964 -0.032 5.851 1.785 5.338 
6.290 6.275 4.655 8.042 9.845 3.685 1.344 9.972 0.895 -2.864 
0.922 0.589 3.774 -4.222 -2.203 4.345 -2.461 2.945 9.296 -4.847 
7.162 1.924 5.162 0.667 -1.486 0.315 6.632 3.482 -3.834 -1.584 
-1.180 7.457 9.692 8.475 5.499 9.537 2.160 -3.157 9.509 8.056 
-1.021 0.431 -1.355 7.753 1.209 1.442 2.098 3.748 9.386 1.393 
3.901 6.548 8.317 -0.937 -2.784 -3.169 4.378 8.847 5.313 5.544 
-2.736 9.133 3.000 -3.045 7.608 -1.501 -3.508 -0.231 0.342 -3.999 
-2.176 4.321 1.433 1.470 2.074 7.642 7.911 9.171 1.390 7.298 
