0.564 -4.709 3.846 -1.118 -0.646 6.062 0.713 8.731 4.909 -3.974 
4.275 7.173 -4.841 -2.724 9.128 7.768 0.775 -4.379 -2.463 6.117 
-3.378 0.361 0.438 3.055 6.831 7.512 0.697 4.742 6.683 7.087 
2.040 -2.753 7.378 -4.114 1.129 -3.269 6.948 6.842 -4.537 1.857 
7.868 4.738 -0.970 8.028 7.014 -1.842 5.795 -2.212 -1.222 8.332 
8.905 0.400 -1.307 -0.656 8.455 -4.476 -3.145 -0.848 5.266 8.538 
-3.762 -2.695 -4.214 8.616 -1.809 1.915 -4.652 -4.861 -1.243 -4.190 
1.995 -3.375 5.548 6.025 9.653 2.562 9.183 5.448 5.351 -2.039 
3.780 4.256 3.362 7.473 8.600 1.817 7.997 -4.545 5.968 3.263 
8.993 7.207 5.568 9.779 5.823 8.759 1.694 6.170 8.898 5.451 
