-31.841 -47.743 113.523 -13.331 51.718 114.196 104.577 121.928 69.685 -25.211 
140.177 57.890 98.075 108.277 222.687 110.755 158.018 107.361 82.373 131.581 
133.795 -11.058 77.544 83.972 279.150 65.587 201.557 105.691 48.967 136.147 
9.719 5.493 -1.370 24.337 131.681 14.194 52.600 -48.480 104.193 45.806 
-59.439 -84.171 -3.896 21.620 20.609 97.066 -26.993 80.552 38.778 -44.595 
237.923 172.445 58.545 163.069 358.115 126.946 123.102 19.525 154.517 334.301 
91.604 24.054 98.802 97.114 145.978 -4.170 157.078 8.078 41.670 55.660 
21.182 40.633 66.242 171.737 222.140 248.629 113.731 84.236 172.507 42.675 
45.714 106.175 -88.921 -6.233 126.631 37.839 45.029 -96.480 -49.680 127.407 
159.193 56.835 33.039 205.801 260.123 93.402 71.888 18.084 131.765 122.963 
