9.130 6.347 1.010 8.325 -3.783 -9.301 -0.565 -8.780 2.704 3.191 
-1.647 -2.164 8.347 9.314 -3.974 -6.804 -0.807 10.230 4.248 -0.779 
9.668 5.914 4.217 4.987 3.014 -3.827 0.647 5.230 -5.788 -9.951 
-1.118 3.342 -3.604 -0.108 -3.332 7.614 -9.409 -3.897 13.833 -6.704 
-0.706 -2.814 6.132 -7.361 -8.500 2.157 0.837 5.694 -2.612 -9.916 
-10.085 7.057 10.999 9.131 -2.956 14.013 5.305 -2.309 4.243 -0.482 
2.741 3.126 2.859 -0.863 3.018 -0.473 6.750 8.609 10.629 5.583 
1.906 9.923 2.769 -6.962 -12.437 -5.731 -4.805 3.399 -0.038 7.583 
-6.516 4.877 -0.362 -10.518 -0.992 -3.318 -11.505 4.314 -5.626 -7.262 
-11.169 -2.886 -4.135 -8.309 -3.749 -1.117 6.217 3.001 -7.508 1.847 
