9.694 2.628 6.290 0.922 7.162 -1.180 -1.021 3.901 -2.736 -2.176 
1.638 5.009 6.275 0.589 1.924 7.457 0.431 6.548 9.133 4.321 
4.856 3.506 4.655 3.774 5.162 9.692 -1.355 8.317 3.000 1.433 
7.207 6.590 8.042 -4.222 0.667 8.475 7.753 -0.937 -3.045 1.470 
-4.429 5.154 9.845 -2.203 -1.486 5.499 1.209 -2.784 7.608 2.074 
-3.239 0.964 3.685 4.345 0.315 9.537 1.442 -3.169 -1.501 7.642 
0.148 -0.032 1.344 -2.461 6.632 2.160 2.098 4.378 -3.508 7.911 
-0.049 5.851 9.972 2.945 3.482 -3.157 3.748 8.847 -0.231 9.171 
7.613 1.785 0.895 9.296 -3.834 9.509 9.386 5.313 0.342 1.390 
-0.783 5.338 -2.864 -4.847 -1.584 8.056 1.393 5.544 -3.999 7.298 
