0.564 4.275 -3.378 2.040 7.868 8.905 -3.762 1.995 3.780 8.993 
-4.709 7.173 0.361 -2.753 4.738 0.400 -2.695 -3.375 4.256 7.207 
3.846 -4.841 0.438 7.378 -0.970 -1.307 -4.214 5.548 3.362 5.568 
-1.118 -2.724 3.055 -4.114 8.028 -0.656 8.616 6.025 7.473 9.779 
-0.646 9.128 6.831 1.129 7.014 8.455 -1.809 9.653 8.600 5.823 
6.062 7.768 7.512 -3.269 -1.842 -4.476 1.915 2.562 1.817 8.759 
0.713 0.775 0.697 6.948 5.795 -3.145 -4.652 9.183 7.997 1.694 
8.731 -4.379 4.742 6.842 -2.212 -0.848 -4.861 5.448 -4.545 6.170 
4.909 -2.463 6.683 -4.537 -1.222 5.266 -1.243 5.351 5.968 8.898 
-3.974 6.117 7.087 1.857 8.332 8.538 -4.190 -2.039 3.263 5.451 
