3.183 -0.301 7.021 8.021 0.380 9.439 2.229 -1.136 -5.789 -8.423 
6.764 -8.170 -2.700 16.249 11.226 -2.854 2.889 1.965 10.357 14.716 
-1.143 7.309 1.748 11.771 8.523 -7.718 0.524 2.534 5.406 2.763 
-0.268 5.828 -0.852 6.503 1.092 1.574 4.768 19.111 0.799 7.113 
12.439 3.449 -4.915 19.292 -0.002 15.887 -4.795 3.241 0.344 7.850 
-3.449 3.805 10.921 11.094 -3.434 5.522 -2.505 10.150 6.160 7.142 
4.388 5.376 14.309 11.572 8.354 5.055 15.526 -7.778 8.315 -0.042 
14.887 1.677 3.104 3.846 15.305 3.611 4.443 3.313 6.739 -1.079 
7.306 5.428 7.022 -3.004 4.877 11.604 9.001 -1.955 0.293 1.137 
3.664 2.449 -2.659 -7.148 8.966 3.064 12.320 -1.708 4.011 6.401 
