-0.131 0.118 -0.039 0.005 -0.036 -0.045 -0.037 -0.030 0.071 0.007 
-0.028 0.008 0.014 0.012 0.013 -0.044 0.013 -0.026 0.063 0.011 
0.008 0.007 0.055 -0.056 -0.017 0.052 -0.029 0.000 0.019 -0.047 
0.025 0.015 -0.009 0.023 0.047 0.015 0.034 -0.016 0.001 -0.038 
0.173 -0.096 0.112 -0.079 0.027 0.032 -0.046 0.095 -0.102 -0.029 
-0.002 -0.022 -0.072 0.023 0.012 -0.003 0.039 0.030 0.044 0.031 
-0.014 0.103 -0.063 0.065 -0.060 -0.044 0.030 -0.040 0.067 0.057 
0.052 0.019 0.012 0.061 -0.041 0.024 -0.057 0.041 -0.008 0.009 
-0.027 -0.040 -0.022 0.024 -0.024 -0.035 0.083 0.056 0.010 0.008 
-0.022 -0.035 0.036 -0.024 0.053 0.038 0.013 -0.037 -0.063 0.033 
