-0.063 0.092 -0.168 -0.012 0.249 -0.209 0.064 0.283 -0.289 0.020 
-0.080 -0.105 0.077 -0.054 -0.066 0.209 -0.044 -0.013 0.242 -0.170 
0.054 0.148 -0.179 0.035 0.086 -0.238 0.143 0.089 -0.358 0.125 
-0.074 0.131 -0.143 0.039 0.291 -0.307 0.155 0.200 -0.470 0.122 
0.103 -0.175 0.320 -0.046 -0.427 0.475 -0.221 -0.263 0.729 -0.249 
0.129 -0.272 0.379 -0.055 -0.487 0.599 -0.257 -0.455 0.913 -0.250 
-0.089 0.126 -0.215 0.090 0.309 -0.380 0.190 0.172 -0.554 0.250 
0.076 -0.004 -0.012 0.076 -0.033 0.025 -0.061 -0.008 -0.029 0.075 
0.114 -0.028 0.056 -0.023 -0.192 0.221 -0.083 -0.184 0.266 0.055 
-0.115 0.098 -0.118 -0.000 0.158 -0.168 0.103 0.133 -0.203 -0.051 
