-3.967 0.126 -0.316 1.053 2.637 0.849 4.732 -2.191 -3.960 -3.469 
9.290 -3.545 1.725 8.853 6.456 0.803 6.452 0.456 2.016 4.835 
1.733 8.913 4.438 2.117 2.489 -4.875 1.525 5.189 5.730 6.649 
-2.657 4.175 -3.378 3.884 -4.498 -3.686 -3.240 9.626 2.384 0.638 
6.998 4.935 -3.578 9.520 4.700 6.783 -2.984 1.300 -2.278 5.469 
-0.820 -4.280 9.994 2.246 -2.483 6.373 1.034 5.155 0.611 6.899 
-0.750 -1.493 4.435 5.134 1.348 -0.988 5.868 -3.055 7.729 3.989 
9.909 -1.046 1.171 4.659 6.690 6.877 -1.307 4.971 6.873 3.702 
-1.106 8.930 6.536 -0.581 -0.355 6.905 0.128 1.519 -1.536 -1.125 
2.598 2.980 0.422 -4.907 4.289 6.973 5.922 2.128 -0.314 9.983 
