7.150 -0.427 7.337 6.968 -2.257 8.590 -2.503 1.055 -1.829 -4.954 
-2.526 -4.625 -4.425 7.396 4.770 -3.657 -3.563 1.509 8.341 9.881 
-2.876 -1.604 -2.690 9.654 6.034 -2.843 -1.001 -2.655 -0.324 -3.886 
2.389 1.653 2.526 2.619 5.590 5.260 8.008 9.485 -1.585 6.475 
5.441 -1.486 -1.337 9.772 -4.702 9.104 -1.811 1.941 2.622 2.381 
-2.629 8.085 0.927 8.848 -0.951 -0.851 -3.539 4.995 5.549 0.243 
5.138 6.869 9.874 6.438 7.006 6.043 9.658 -4.723 0.586 -4.031 
4.978 2.723 1.933 -0.813 8.615 -3.266 5.750 -1.658 -0.134 -4.781 
8.412 -3.502 0.486 -2.423 5.232 4.699 8.873 -3.474 1.829 2.262 
1.066 -0.531 -3.081 -2.241 4.677 -3.909 6.398 -3.836 4.325 -3.582 
