-59.484 20.535 76.041 61.588 -45.834 -53.735 -10.330 130.203 32.138 19.803 
10.185 154.379 -60.765 -51.644 -4.591 137.893 -53.817 91.090 -53.226 43.187 
-24.542 53.397 -107.716 67.379 -68.303 -49.994 -105.743 58.828 -23.992 -48.370 
144.660 16.228 76.023 152.152 127.274 144.349 78.831 102.276 132.555 218.512 
-80.163 3.849 76.966 -10.079 -67.407 49.896 7.175 139.578 1.935 29.160 
104.323 65.495 10.425 94.858 33.135 33.111 -10.718 138.393 53.140 49.505 
22.345 83.634 107.057 239.419 35.362 -42.039 87.223 84.672 95.711 145.295 
41.010 39.008 -28.349 150.296 63.976 -13.739 25.200 -49.283 8.047 2.035 
-63.088 26.859 78.077 47.041 22.377 72.072 85.286 -46.589 -11.228 59.662 
-29.511 27.419 -12.517 46.980 -0.455 2.756 8.081 -93.875 -23.764 -58.874 
