11.117 -0.553 7.653 5.915 -4.894 7.741 -7.235 3.246 2.131 -1.485 
-11.816 -1.080 -6.150 -1.457 -1.686 -4.460 -10.015 1.053 6.325 5.046 
-4.609 -10.517 -7.128 7.537 3.545 2.032 -2.526 -7.844 -6.054 -10.535 
5.046 -2.522 5.904 -1.265 10.088 8.946 11.248 -0.141 -3.969 5.837 
-1.557 -6.421 2.241 0.252 -9.402 2.321 1.173 0.641 4.900 -3.088 
-1.809 12.365 -9.067 6.602 1.532 -7.224 -4.573 -0.160 4.938 -6.656 
5.888 8.362 5.439 1.304 5.658 7.031 3.790 -1.668 -7.143 -8.020 
-4.931 3.769 0.762 -5.472 1.925 -10.143 7.057 -6.629 -7.007 -8.483 
9.518 -12.432 -6.050 -1.842 5.587 -2.206 8.745 -4.993 3.365 3.387 
-1.532 -3.511 -3.503 2.666 0.388 -10.882 0.476 -5.964 4.639 -13.565 
