7.150 -2.526 -2.876 2.389 5.441 -2.629 5.138 4.978 8.412 1.066 
-0.427 -4.625 -1.604 1.653 -1.486 8.085 6.869 2.723 -3.502 -0.531 
7.337 -4.425 -2.690 2.526 -1.337 0.927 9.874 1.933 0.486 -3.081 
6.968 7.396 9.654 2.619 9.772 8.848 6.438 -0.813 -2.423 -2.241 
-2.257 4.770 6.034 5.590 -4.702 -0.951 7.006 8.615 5.232 4.677 
8.590 -3.657 -2.843 5.260 9.104 -0.851 6.043 -3.266 4.699 -3.909 
-2.503 -3.563 -1.001 8.008 -1.811 -3.539 9.658 5.750 8.873 6.398 
1.055 1.509 -2.655 9.485 1.941 4.995 -4.723 -1.658 -3.474 -3.836 
-1.829 8.341 -0.324 -1.585 2.622 5.549 0.586 -0.134 1.829 4.325 
-4.954 9.881 -3.886 6.475 2.381 0.243 -4.031 -4.781 2.262 -3.582 
