-3.967 9.290 1.733 -2.657 6.998 -0.820 -0.750 9.909 -1.106 2.598 
0.126 -3.545 8.913 4.175 4.935 -4.280 -1.493 -1.046 8.930 2.980 
-0.316 1.725 4.438 -3.378 -3.578 9.994 4.435 1.171 6.536 0.422 
1.053 8.853 2.117 3.884 9.520 2.246 5.134 4.659 -0.581 -4.907 
2.637 6.456 2.489 -4.498 4.700 -2.483 1.348 6.690 -0.355 4.289 
0.849 0.803 -4.875 -3.686 6.783 6.373 -0.988 6.877 6.905 6.973 
4.732 6.452 1.525 -3.240 -2.984 1.034 5.868 -1.307 0.128 5.922 
-2.191 0.456 5.189 9.626 1.300 5.155 -3.055 4.971 1.519 2.128 
-3.960 2.016 5.730 2.384 -2.278 0.611 7.729 6.873 -1.536 -0.314 
-3.469 4.835 6.649 0.638 5.469 6.899 3.989 3.702 -1.125 9.983 
