0.000000
0.139173
0.275637
0.406737
0.529919
0.642788
0.743145
0.829038
0.898794
0.951057
0.984808
0.999391
0.994522
0.970296
0.927184
0.866025
0.788011
0.694658
0.587785
0.469472
0.342020
0.207912
0.069756
-0.069756
-0.207912
-0.342020
-0.469472
-0.587785
-0.694658
-0.788011
-0.866025
-0.927184
-0.970296
-0.994522
-0.999391
-0.984808
-0.951056
-0.898794
-0.829038
-0.743145
-0.642788
-0.529919
-0.406736
-0.275638
-0.139173
0.000000
0.139173
0.275637
0.406737
0.529919
0.642788
0.743145
0.829037
0.898794
0.951057
0.984808
0.999391
0.994522
0.970296
0.927184
0.866025
0.788011
0.694659
0.587785
0.469472
0.342020
0.207911
0.069756
-0.069756
-0.207911
-0.342020
-0.469472
-0.587785
-0.694659
-0.788011
-0.866025
-0.927184
-0.970296
-0.994522
-0.999391
-0.984808
-0.951057
-0.898794
-0.829037
-0.743145
-0.642788
-0.529920
-0.406737
-0.275637
-0.139173
0.000000
0.139173
0.275637
0.406737
0.529919
0.642788
0.743145
0.829037
0.898794
0.951056
0.984808
0.999391
0.994522
0.970296
0.927184
0.866025
0.788011
0.694658
0.587785
0.469472
0.342020
0.207912
0.069756
-0.069757
-0.207912
-0.342021
-0.469471
-0.587786
-0.694658
-0.788010
-0.866026
-0.927184
-0.970296
-0.994522
-0.999391
-0.984808
-0.951057
-0.898794
-0.829038
-0.743145
-0.642787
-0.529920
-0.406736
-0.275638
-0.139172
0.000000
0.139172
0.275638
0.406736
0.529920
0.642788
0.743144
0.829038
0.898794
0.951057
0.984808
0.999391
0.994522
0.970296
0.927184
0.866026
0.788010
0.694658
0.587786
0.469471
0.342021
0.207911
0.069757
-0.069757
-0.207912
-0.342020
-0.469472
-0.587785
-0.694659
-0.788011
-0.866025
-0.927184
-0.970296
-0.994522
-0.999391
-0.984808
-0.951056
-0.898794
-0.829037
-0.743145
-0.642787
-0.529919
-0.406737
-0.275637
-0.139174
0.000001
0.139173
0.275636
0.406737
0.529919
0.642788
0.743145
0.829038
0.898794
0.951056
0.984808
0.999391
0.994522
0.970296
0.927184
0.866025
0.788011
0.694658
0.587785
0.469471
0.342020
0.207912
0.069756
-0.069756
-0.207912
-0.342020
-0.469471
-0.587786
-0.694658
-0.788011
-0.866025
-0.927184
-0.970296
-0.994522
-0.999391
-0.984808
-0.951056
-0.898794
-0.829038
-0.743145
-0.642788
-0.529919
-0.406737
-0.275638
-0.139173
-0.000001
0.139174
0.275637
0.406737
0.529919
0.642789
0.743145
0.829037
0.898794
0.951057
0.984808
0.999391
0.994522
0.970296
0.927183
0.866025
0.788011
0.694659
0.587786
0.469470
0.342019
0.207912
0.069757
-0.069755
-0.207913
-0.342021
-0.469471
-0.587785
-0.694657
-0.788012
-0.866026
-0.927184
-0.970295
-0.994522
-0.999391
-0.984808
-0.951057
-0.898795
-0.829037
-0.743144
-0.642787
-0.529920
-0.406738
-0.275636
-0.139172
0.000000
0.139172
0.275636
0.406738
0.529920
0.642788
0.743144
0.829037
0.898795
0.951057
0.984808
0.999391
0.994522
0.970295
0.927184
0.866026
0.788011
0.694660
0.587784
0.469471
0.342021
0.207913
0.069755
-0.069757
-0.207912
-0.342020
-0.469470
-0.587787
-0.694659
-0.788011
-0.866025
-0.927183
-0.970296
-0.994522
-0.999391
-0.984808
-0.951057
-0.898793
-0.829037
-0.743145
-0.642788
-0.529921
-0.406736
-0.275637
-0.139173
-0.000001
0.139175
0.275638
0.406737
0.529919
0.642787
0.743146
0.829038
0.898794
0.951056
0.984807
0.999391
0.994522
0.970296
0.927184
0.866026
0.788010
0.694658
0.587785
0.469472
0.342022
0.207910
0.069756
-0.069756
-0.207911
-0.342018
-0.469473
-0.587786
-0.694658
-0.788010
-0.866026
-0.927184
-0.970296
-0.994522
-0.999391
-0.984807
-0.951056
-0.898794
-0.829038
-0.743146
-0.642786
-0.529919
-0.406737
-0.275638
-0.139175
0.000001
0.139174
0.275637
0.406736
0.529918
0.642789
0.743145
0.829037
0.898794
0.951056
0.984808
0.999391
0.994522
0.970296
0.927183
0.866025
0.788011
0.694659
0.587786
0.469470
0.342019
0.207912
0.069757
-0.069755
-0.207913
-0.342021
-0.469471
-0.587785
-0.694657
-0.788012
-0.866026
-0.927184
-0.970295
-0.994522
-0.999391
-0.984808
-0.951057
-0.898795
-0.829037
-0.743144
-0.642787
-0.529920
-0.406738
-0.275636
-0.139172
0.000000
0.139172
0.275636
0.406738
0.529920
0.642788
0.743144
0.829037
0.898795
0.951057
0.984808
0.999391
0.994522
0.970295
0.927184
0.866026
0.788011
0.694660
0.587784
0.469471
0.342021
0.207913
0.069755
-0.069757
-0.207912
-0.342020
-0.469470
-0.587787
-0.694659
-0.788011
-0.866025
-0.927183
-0.970296
-0.994522
-0.999391
-0.984808
-0.951057
-0.898793
-0.829037
-0.743145
-0.642788
-0.529921
-0.406735
-0.275637
-0.139173
-0.000001
0.139171
0.275638
0.406737
0.529919
0.642787
0.743146
0.829038
0.898794
0.951057
0.984808
0.999391
0.994522
0.970296
0.927184
0.866026
0.788012
0.694661
0.587782
0.469469
0.342018
0.207910
0.069756
-0.069756
-0.207911
-0.342018
-0.469469
-0.587783
-0.694661
-0.788012
-0.866026
-0.927184
-0.970296
-0.994522
-0.999391
-0.984808
-0.951057
-0.898796
-0.829036
-0.743143
-0.642786
-0.529919
-0.406737
-0.275638
-0.139175
-0.000002
0.139170
0.275641
0.406739
0.529921
0.642789
0.743145
0.829037
0.898794
0.951056
0.984807
0.999391
0.994522
0.970295
0.927183
0.866025
0.788011
