0.003 -0.008 -0.012 -0.009 0.057 -0.041 -0.031 0.056 -0.011 0.040 
-0.010 0.012 0.020 -0.008 0.006 -0.006 -0.015 0.005 0.003 0.002 
-0.007 0.025 -0.006 0.005 -0.070 0.007 0.094 -0.079 0.024 -0.058 
0.070 -0.021 -0.050 0.083 -0.071 0.016 0.002 -0.066 0.013 -0.000 
-0.017 -0.007 0.016 -0.012 0.015 0.021 -0.039 0.024 -0.003 0.033 
0.006 -0.018 -0.019 0.022 -0.012 0.007 -0.010 0.016 -0.025 0.060 
-0.045 0.021 0.050 -0.087 0.090 -0.037 -0.007 0.062 -0.002 -0.036 
-0.006 -0.001 0.012 -0.015 0.019 0.020 -0.030 0.024 -0.010 -0.003 
0.038 -0.016 -0.042 0.049 -0.044 0.009 0.030 -0.047 -0.004 0.008 
-0.017 0.011 0.019 -0.002 -0.019 0.006 0.024 -0.019 0.019 -0.058 
