-0.177 0.023 -0.315 -0.015 0.218 -0.199 0.144 -0.066 0.015 0.317 
-0.024 0.065 -0.038 -0.082 -0.025 0.040 0.110 0.040 -0.032 -0.076 
-0.001 -0.001 -0.195 -0.030 0.091 0.048 0.045 0.063 0.055 -0.050 
-0.093 0.038 0.058 0.067 0.085 -0.046 -0.149 -0.016 0.045 0.012 
0.125 -0.066 0.225 0.008 -0.221 0.051 -0.008 0.006 -0.012 -0.050 
0.082 0.021 0.172 0.025 -0.069 0.151 -0.189 0.117 -0.015 -0.240 
-0.040 -0.014 -0.004 0.051 -0.020 -0.015 0.087 -0.084 -0.042 0.065 
0.057 0.007 0.109 -0.025 -0.091 -0.008 0.084 0.033 -0.079 -0.088 
0.057 -0.100 0.131 0.017 0.017 0.014 -0.146 -0.073 0.061 0.074 
0.018 0.035 -0.095 0.003 0.005 -0.068 0.025 -0.043 0.017 0.102 
