0.047 0.245 -0.032 -0.261 0.095 0.089 -0.124 -0.082 0.050 -0.014 
0.161 0.085 -0.081 -0.245 0.180 0.028 -0.044 -0.054 -0.029 0.047 
0.055 -0.178 -0.056 0.241 -0.097 -0.013 0.113 0.098 -0.106 -0.077 
-0.495 -0.367 0.341 1.024 -0.534 -0.115 0.219 -0.052 0.213 -0.354 
0.405 0.387 -0.185 -0.901 0.449 0.081 -0.248 -0.008 -0.111 0.250 
-0.306 -0.354 0.133 0.776 -0.338 -0.079 0.159 0.107 -0.030 -0.151 
0.243 0.115 -0.111 -0.569 0.246 0.075 -0.053 0.075 -0.122 0.221 
-0.215 -0.281 0.081 0.576 -0.275 -0.104 0.202 0.091 -0.034 -0.082 
0.137 0.281 -0.076 -0.468 0.192 0.071 -0.164 -0.144 0.121 0.102 
0.256 0.236 -0.138 -0.679 0.338 0.036 -0.136 0.034 -0.044 0.207 
