-0.064 0.049 -0.072 -0.008 0.020 -0.006 0.035 -0.008 0.047 0.002 
-0.096 0.123 -0.160 -0.014 0.056 -0.032 0.087 0.004 0.004 0.030 
0.101 -0.127 0.178 0.004 -0.016 0.016 -0.104 0.022 -0.038 -0.024 
-0.023 0.050 -0.050 -0.007 -0.010 0.003 0.019 -0.019 0.036 -0.013 
0.080 -0.123 0.151 0.032 -0.042 0.015 -0.054 0.007 -0.049 -0.005 
0.018 -0.029 0.028 0.004 0.016 0.013 -0.047 0.024 -0.018 -0.004 
-0.024 0.050 -0.048 -0.008 -0.025 -0.003 0.038 -0.039 0.037 0.003 
0.048 -0.055 0.068 -0.001 -0.011 0.001 -0.027 0.025 -0.032 -0.002 
0.057 -0.052 0.030 0.012 -0.036 0.001 -0.005 0.011 -0.005 -0.005 
-0.073 0.093 -0.104 -0.016 0.040 -0.006 0.054 -0.029 0.011 0.020 
