Version 0.9.7
5
 4 10 175 77 128 0 1
 5 80 400 206 81 2 2
 0 91 100 877 276 8 3
 1 100 375 206 81 140 4
 3 296 38 203 58 150 5
 0
32
 16711680 5 71 288 71 288 71 348 71 348 144 348 144 348 0 1 0 3
 16711680 5 71 275 71 275 55 275 55 444 115 444 115 444 0 1 0 4
 16711680 5 307 75 307 75 57 75 57 262 71 262 71 262 0 5 0 1
 255 5 71 189 71 189 71 127 71 127 144 127 144 127 0 1 0 3
 255 5 71 202 71 202 87 202 87 386 115 386 115 386 0 1 0 4
 16711680 5 235 348 235 348 235 348 235 309 235 309 235 309 0 3 0 3
 255 5 157 166 157 166 157 166 157 127 157 127 157 127 0 3 0 3
 255 5 274 166 274 166 274 166 274 127 274 127 274 127 0 3 0 3
 16711680 5 352 309 352 309 352 309 352 348 352 348 352 348 0 3 0 3
 33023 5 274 309 274 309 274 392 156 392 156 399 156 399 0 3 0 4
 33023 5 156 386 156 386 156 309 156 309 157 309 157 309 0 4 0 3
 32768 5 213 386 213 386 213 309 213 309 209 309 209 309 0 4 0 3
 4194432 5 300 270 300 270 300 270 391 270 391 270 391 270 0 3 0 3
 32768 5 213 399 213 399 326 399 326 399 326 309 326 309 0 4 0 3
 16776960 5 339 283 339 283 339 283 404 283 404 283 404 283 0 3 0 3
 8421504 5 313 205 313 205 313 205 365 205 365 205 365 205 0 3 0 3
 8421504 5 365 257 365 257 365 257 365 218 365 218 365 218 0 3 0 3
 8421504 5 365 296 365 296 365 296 443 296 443 296 443 296 0 3 0 3
 8388863 5 456 270 456 270 456 270 482 270 482 270 482 270 0 3 0 3
 8388863 5 482 257 482 257 482 257 482 218 482 218 482 218 0 3 0 3
 8388863 5 482 166 482 166 482 166 482 82 482 82 482 82 0 3 0 5
 255 5 391 166 391 166 391 166 391 127 391 127 391 127 0 3 0 3
 16711680 5 469 309 469 309 469 309 469 348 469 348 469 348 0 3 0 3
 16744448 5 417 270 417 270 417 270 430 270 430 270 430 270 0 3 0 3
 65535 5 170 270 170 270 170 270 144 270 144 270 144 270 0 3 0 3
 65535 5 144 257 144 257 144 257 144 218 144 218 144 218 0 3 0 3
 65535 5 144 192 144 192 144 192 287 192 287 192 287 192 0 3 0 3
 65535 5 170 283 170 283 170 283 313 283 313 283 313 283 0 3 0 3
 65280 5 222 270 222 270 222 270 248 270 248 270 248 270 0 3 0 3
 65280 5 248 257 248 257 248 257 248 218 248 218 248 218 0 3 0 3
 65280 5 248 205 248 205 248 205 300 205 300 205 300 205 0 3 0 3
 65280 5 222 296 222 296 222 296 287 296 287 296 287 296 0 3 0 3
3
 7004 1 14 151 218 5 0 1998212555 549024914 3
 7008 1 14 268 218 5 0 1998212555 549024914 3
 7032 1 14 385 218 5 0 1998212555 549024914 3
