Version 0.9.7
9
 4 10 175 77 128 0 1
 5 80 400 206 81 2 2
 0 98 102 877 276 8 3
 1 104 403 206 81 140 4
 3 215 39 203 58 150 5
 1 601 399 206 81 159 6
 3 585 28 203 58 169 7
 6 832 557 449 130 178 8
 6 934 11 449 130 241 9
 0
72
 255 5 164 168 164 168 164 168 164 129 164 129 164 129 0 3 0 3
 255 5 281 168 281 168 281 168 281 129 281 129 281 129 0 3 0 3
 255 5 398 168 398 168 398 168 398 129 398 129 398 129 0 3 0 3
 16711680 5 242 311 242 311 242 311 242 350 242 350 242 350 0 3 0 3
 16711680 5 359 311 359 311 359 311 359 350 359 350 359 350 0 3 0 3
 16711680 5 476 311 476 311 476 311 476 350 476 350 476 350 0 3 0 3
 255 5 71 189 71 189 71 189 71 129 151 129 151 129 0 1 0 3
 16711680 5 71 288 71 288 71 350 71 350 151 350 151 350 0 1 0 3
 16711680 5 71 275 71 275 59 275 59 472 119 472 119 472 0 1 0 4
 4227327 5 160 414 160 414 164 414 164 414 164 311 164 311 0 4 0 3
 65535 5 177 272 177 272 177 272 177 272 281 272 281 272 0 3 0 3
 33023 5 160 440 160 440 333 440 333 440 333 311 333 311 0 4 0 3
 65280 5 229 285 229 285 229 285 320 285 320 285 320 285 0 3 0 3
 12615680 5 268 259 268 259 268 259 268 220 268 220 268 220 0 3 0 3
 8388736 5 346 272 346 272 346 272 372 272 372 272 372 272 0 3 0 3
 8388736 5 372 259 372 259 372 259 372 220 372 220 372 220 0 3 0 3
 12615680 5 307 272 307 272 307 266 268 266 268 272 268 272 0 3 0 3
 32768 5 294 298 294 298 294 298 411 298 411 298 411 298 0 3 0 3
 33023 5 333 285 333 285 333 285 398 285 398 285 398 285 0 3 0 3
 8421504 5 424 272 424 272 424 272 502 272 502 272 502 272 0 3 0 3
 12632256 5 515 285 515 285 515 285 489 285 489 285 489 285 0 3 0 3
 12632256 5 489 259 489 259 489 259 489 220 489 220 489 220 0 3 0 3
 255 5 502 129 502 129 502 129 502 168 502 168 502 168 0 3 0 3
 16711680 5 580 311 580 311 580 311 580 350 580 350 580 350 0 3 0 3
 12632256 5 489 181 489 181 321 181 321 181 321 83 321 83 0 3 0 5
 16711680 5 918 350 918 350 918 350 918 116 918 116 918 116 0 3 0 3
 255 5 905 129 905 129 905 129 905 363 905 363 905 363 0 3 0 3
 255 5 658 168 658 168 658 168 658 129 658 129 658 129 0 3 0 3
 255 5 616 410 616 410 619 410 619 410 619 363 619 363 0 6 0 3
 16711680 5 736 311 736 311 736 311 736 350 736 350 736 350 0 3 0 3
 16711680 5 606 350 606 350 606 468 606 468 616 468 616 468 0 3 0 6
 16711680 5 229 116 229 116 229 76 229 76 226 76 226 76 0 3 0 5
 255 5 151 363 151 363 118 363 118 414 119 414 119 414 0 3 0 4
 4227327 5 657 410 657 410 658 410 658 410 658 311 658 311 0 6 0 3
 32768 5 676 410 676 410 674 410 674 311 671 311 671 311 0 6 0 3
 33023 5 658 272 658 272 658 272 632 272 632 272 632 272 0 3 0 3
 33023 5 632 259 632 259 632 259 632 220 632 220 632 220 0 3 0 3
 33023 5 632 168 632 168 632 72 632 72 631 72 631 72 0 3 0 7
 16744703 5 684 285 684 285 684 285 645 285 645 285 645 285 0 3 0 3
 16744703 5 645 259 645 259 645 259 645 220 645 220 645 220 0 3 0 3
 16744703 5 645 168 645 168 645 168 651 168 651 72 651 72 0 3 0 7
 32768 5 671 298 671 298 671 298 697 298 697 298 697 298 0 3 0 3
 16512 5 723 272 723 272 723 272 749 272 749 272 749 272 0 3 0 3
 16512 5 749 259 749 259 749 259 749 220 749 220 749 220 0 3 0 3
 16744576 5 710 285 710 285 710 285 762 285 762 285 762 285 0 3 0 3
 16744576 5 762 259 762 259 762 259 762 220 762 220 762 220 0 3 0 3
 16744576 5 762 207 762 207 762 207 710 207 710 207 710 207 0 3 0 3
 16777088 5 775 259 775 259 775 259 775 220 775 220 775 220 0 3 0 3
 16777088 5 775 194 775 194 775 194 723 194 723 194 723 194 0 3 0 3
 16711680 5 596 65 596 65 596 116 596 116 593 116 593 116 0 7 0 3
 16512 5 749 181 749 181 671 181 671 181 671 72 671 72 0 3 0 7
 16711935 5 736 168 736 168 692 168 692 72 691 72 691 72 0 3 0 7
 12615680 5 268 181 268 181 268 181 301 181 301 83 301 83 0 3 0 5
 4194432 5 372 168 372 168 341 168 341 168 341 83 341 83 0 3 0 5
 32768 5 179 414 179 414 216 414 216 414 216 311 216 311 0 4 0 3
 32768 5 294 311 294 311 294 427 294 427 179 427 179 427 0 3 0 4
 16776960 5 714 423 714 423 723 423 723 304 775 304 775 311 0 6 0 3
 16744576 5 695 410 695 410 711 410 711 311 710 311 710 311 0 6 0 3
 16711680 5 892 350 892 350 892 350 892 311 892 311 892 311 0 3 0 3
 255 5 801 129 801 129 801 129 801 168 801 168 801 168 0 3 0 3
 33023 5 733 410 733 410 733 410 866 410 866 311 866 311 0 6 0 3
 16776960 5 790 423 790 423 879 423 879 423 879 311 879 311 0 6 0 3
 32768 5 752 423 752 423 816 423 816 311 814 311 814 311 0 6 0 3
 16744576 5 771 436 771 436 771 436 801 436 801 311 801 311 0 6 0 3
 0 5 1036 134 1036 134 1036 148 814 148 814 168 814 168 0 9 0 3
 0 5 827 168 827 168 827 158 1049 158 1049 134 1049 134 0 3 0 9
 0 5 840 168 840 168 971 168 971 168 971 134 971 134 0 3 0 9
 0 5 853 181 853 181 984 181 984 181 984 134 984 134 0 3 0 9
 0 5 866 194 866 194 997 194 997 194 997 134 997 134 0 3 0 9
 0 5 879 207 879 207 879 208 1010 208 1010 134 1010 134 0 3 0 9
 0 5 892 207 892 207 892 216 1023 216 1023 134 1023 134 0 3 0 9
 255 5 892 129 892 129 892 38 892 38 950 38 950 38 0 3 0 9
6
 7004 1 14 158 220 5 0 21561992 33554434 3
 7008 1 14 275 220 5 0 21577980 33554434 3
 7086 1 14 392 220 5 0 21577972 33554434 3
 7004 1 14 496 220 5 0 21561992 33554434 3
 7086 1 14 652 220 5 0 21562000 128 3
 7047 1 16 795 220 5 0 1376904 128 3
