Version 0.9.7
5
 4 10 175 77 128 0 1
 5 80 400 206 81 2 2
 0 90 102 877 276 8 3
 1 133 382 206 81 140 4
 3 669 19 203 58 150 5
 0
53
 16711680 5 71 288 71 288 71 350 71 350 143 350 143 350 0 1 0 3
 16711680 5 910 350 910 350 910 350 910 116 910 116 910 116 0 3 0 3
 255 5 71 189 71 189 71 129 71 129 143 129 143 129 0 1 0 3
 255 5 897 129 897 129 897 129 897 363 897 363 897 363 0 3 0 3
 33023 5 182 311 182 311 182 393 182 393 189 393 189 393 0 3 0 4
 33023 5 182 259 182 259 182 259 182 220 182 220 182 220 0 3 0 3
 32768 5 195 259 195 259 195 259 195 220 195 220 195 220 0 3 0 3
 32768 5 195 207 195 207 195 207 247 207 247 207 247 207 0 3 0 3
 33023 5 182 194 182 194 182 194 221 194 221 194 221 194 0 3 0 3
 255 5 208 168 208 168 208 168 208 129 208 129 208 129 0 3 0 3
 65535 5 234 194 234 194 234 194 338 194 338 194 338 194 0 3 0 3
 65535 5 338 220 338 220 338 220 338 259 338 259 338 259 0 3 0 3
 65535 5 338 272 338 272 338 272 351 272 351 272 351 272 0 3 0 3
 16744448 5 246 393 246 393 246 311 246 311 234 311 234 311 0 4 0 3
 16776960 5 247 285 247 285 247 285 364 285 364 285 364 285 0 3 0 3
 16744703 5 208 393 208 393 208 393 208 311 208 311 208 311 0 4 0 3
 16776960 5 364 311 364 311 364 311 403 311 403 311 403 311 0 3 0 3
 16711935 5 221 298 221 298 221 298 390 298 390 298 390 298 0 3 0 3
 65535 5 338 207 338 207 338 207 507 207 507 207 507 207 0 3 0 3
 65280 5 481 220 481 220 481 220 481 259 481 259 481 259 0 3 0 3
 16711935 5 390 272 390 272 390 272 494 272 494 272 494 272 0 3 0 3
 65280 5 481 285 481 285 481 285 481 285 507 285 507 285 0 3 0 3
 4259584 5 481 168 481 168 481 168 546 168 546 168 546 168 0 3 0 3
 4227327 5 221 181 221 181 221 175 533 175 533 181 533 181 0 3 0 3
 16744448 5 234 272 234 272 234 272 299 272 299 272 299 272 0 3 0 3
 16744448 5 299 259 299 259 299 259 299 220 299 220 299 220 0 3 0 3
 16744448 5 299 207 299 207 299 201 559 201 559 207 559 207 0 3 0 3
 16744448 5 246 419 246 419 546 419 546 419 546 311 546 311 0 4 0 3
 32768 5 227 419 227 419 195 419 195 419 195 311 195 311 0 4 0 3
 32768 5 227 406 227 406 533 406 533 406 533 311 533 311 0 4 0 3
 16744703 5 208 406 208 406 208 398 520 398 520 311 520 311 0 4 0 3
 255 5 494 129 494 129 494 129 494 168 494 168 494 168 0 3 0 3
 255 5 351 129 351 129 351 129 351 168 351 168 351 168 0 3 0 3
 255 5 637 129 637 129 637 129 637 168 637 168 637 168 0 3 0 3
 16711680 5 286 311 286 311 286 311 286 350 286 350 286 350 0 3 0 3
 16711680 5 572 311 572 311 572 311 572 350 572 350 572 350 0 3 0 3
 16711680 5 715 311 715 311 715 311 715 350 715 350 715 350 0 3 0 3
 16711680 5 156 350 156 350 156 451 156 451 148 451 148 451 0 3 0 4
 255 5 143 363 143 363 143 393 143 393 148 393 148 393 0 3 0 4
 16711808 5 377 285 377 285 377 291 637 291 637 285 637 285 0 3 0 3
 16512 5 416 311 416 311 416 307 650 307 650 311 650 311 0 3 0 3
 16711680 5 429 311 429 311 429 311 429 350 429 350 429 350 0 3 0 3
 8388863 5 520 207 520 207 520 207 650 207 650 207 650 207 0 3 0 3
 12632256 5 572 194 572 194 572 194 663 194 663 194 663 194 0 3 0 3
 16777215 5 663 285 663 285 663 285 676 285 676 285 676 285 0 3 0 3
 8421631 5 559 272 559 272 559 272 689 272 689 272 689 272 0 3 0 3
 8421440 5 702 272 702 272 702 272 728 272 728 272 728 272 0 3 0 3
 8421440 5 728 259 728 259 728 259 728 220 728 220 728 220 0 3 0 3
 8421440 5 728 207 728 207 728 207 702 207 702 207 702 207 0 3 0 3
 8421504 5 676 181 676 181 676 181 689 181 689 181 689 181 0 3 0 3
 8388736 5 715 168 715 168 715 168 715 63 715 63 715 63 0 3 0 5
 16711680 5 680 56 680 56 680 116 680 116 676 116 676 116 0 5 0 3
 65280 5 481 181 481 181 481 181 260 181 260 181 260 181 0 3 0 3
4
 7008 1 14 345 220 5 0 17893400 0 3
 7011 1 14 488 220 5 0 17893400 0 3
 7004 1 14 202 220 5 0 17893400 0 3
 7032 1 14 631 220 5 0 17893400 0 3
