Version 0.9.7
7
 4 10 175 77 128 0 1
 5 80 400 206 81 2 2
 0 92 102 877 276 8 3
 3 612 13 203 58 140 4
 1 136 412 206 81 149 5
 3 384 14 203 58 197 6
 3 135 13 203 58 206 7
 0
45
 255 5 71 189 71 189 71 129 71 129 145 129 145 129 0 1 0 3
 16711680 5 71 288 71 288 71 350 71 350 145 350 145 350 0 1 0 3
 16711680 5 275 311 275 311 275 311 275 350 275 350 275 350 0 3 0 3
 16711680 5 418 311 418 311 418 311 418 350 418 350 418 350 0 3 0 3
 16711680 5 561 311 561 311 561 311 561 350 561 350 561 350 0 3 0 3
 16711680 5 704 311 704 311 704 311 704 350 704 350 704 350 0 3 0 3
 16711680 5 847 311 847 311 847 311 847 350 847 350 847 350 0 3 0 3
 255 5 197 168 197 168 197 168 197 129 197 129 197 129 0 3 0 3
 255 5 340 168 340 168 340 168 340 129 340 129 340 129 0 3 0 3
 255 5 483 129 483 129 483 129 483 168 483 168 483 168 0 3 0 3
 255 5 626 129 626 129 626 129 626 168 626 168 626 168 0 3 0 3
 255 5 769 129 769 129 769 129 769 168 769 168 769 168 0 3 0 3
 4227072 5 197 311 197 311 197 423 197 423 192 423 192 423 0 3 0 5
 4227072 5 210 311 210 311 210 423 210 423 211 423 211 423 0 3 0 5
 16711680 5 158 350 158 350 158 481 158 481 151 481 151 481 0 3 0 5
 255 5 171 129 171 129 171 129 171 168 171 168 171 168 0 3 0 3
 255 5 171 220 171 220 171 220 171 259 171 259 171 259 0 3 0 3
 255 5 171 311 171 311 171 423 171 423 151 423 151 423 0 3 0 5
 4227072 5 197 272 197 272 197 272 340 272 340 272 340 272 0 3 0 3
 4227072 5 210 285 210 285 210 285 353 285 353 285 353 285 0 3 0 3
 4227072 5 340 298 340 298 340 298 483 298 483 298 483 298 0 3 0 3
 4227072 5 353 311 353 311 353 311 496 311 496 311 496 311 0 3 0 3
 4227072 5 483 272 483 272 483 272 626 272 626 272 626 272 0 3 0 3
 4227072 5 496 285 496 285 496 285 639 285 639 285 639 285 0 3 0 3
 4227072 5 626 298 626 298 626 298 782 298 782 298 782 298 0 3 0 3
 4227072 5 639 311 639 311 639 311 795 311 795 311 795 311 0 3 0 3
 4227327 5 652 272 652 272 652 272 717 272 717 272 717 272 0 3 0 3
 4227327 5 717 259 717 259 717 259 717 220 717 220 717 220 0 3 0 3
 4227327 5 769 272 769 272 769 272 756 272 756 272 756 272 0 3 0 3
 4227327 5 756 259 756 259 756 259 756 220 756 220 756 220 0 3 0 3
 16711680 5 912 350 912 350 912 350 912 116 912 116 912 116 0 3 0 3
 16711680 5 626 116 626 116 626 50 626 50 623 50 623 50 0 3 0 4
 33023 5 717 168 717 168 717 57 717 57 718 57 718 57 0 3 0 4
 33023 5 756 168 756 168 756 57 756 57 758 57 758 57 0 3 0 4
 33023 5 366 272 366 272 366 272 431 272 431 272 431 272 0 3 0 3
 33023 5 431 259 431 259 431 259 431 220 431 220 431 220 0 3 0 3
 33023 5 509 298 509 298 509 298 574 298 574 298 574 298 0 3 0 3
 33023 5 574 259 574 259 574 259 574 220 574 220 574 220 0 3 0 3
 33023 5 574 168 574 168 574 58 574 58 570 58 570 58 0 3 0 6
 33023 5 431 168 431 168 431 58 431 58 430 58 430 58 0 3 0 6
 33023 5 223 298 223 298 223 298 184 298 184 298 184 298 0 3 0 3
 33023 5 184 259 184 259 184 259 184 220 184 220 184 220 0 3 0 3
 33023 5 184 168 184 168 184 57 184 57 181 57 181 57 0 3 0 7
 16711680 5 145 116 145 116 145 50 145 50 146 50 146 50 0 3 0 7
 16711680 5 392 116 392 116 392 51 392 51 395 51 395 51 0 3 0 6
5
 7008 1 14 191 220 5 0 18023052 128 3
 7032 1 14 334 220 5 0 18023052 128 3
 7000 1 14 477 220 5 0 18023052 128 3
 7086 1 14 620 220 5 0 18023052 128 3
 7002 1 14 763 220 5 0 18023052 128 3
