Version 0.9.7
5
 4 10 175 77 128 0 1
 5 80 400 206 81 2 2
 0 305 100 877 276 8 3
 1 91 198 206 81 140 4
 3 597 382 203 58 169 7
 0
24
 255 5 71 202 71 202 106 202 106 202 106 209 106 209 0 1 0 4
 255 5 71 189 71 189 71 189 71 127 358 127 358 127 0 1 0 3
 0 5 71 262 71 262 106 262 106 262 106 267 106 267 0 1 0 4
 0 5 71 288 71 288 71 345 358 345 358 348 358 348 0 1 0 3
 0 5 423 309 423 309 423 309 423 348 423 348 423 348 0 3 0 3
 0 5 553 309 553 309 553 309 553 348 553 348 553 348 0 3 0 3
 0 5 670 309 670 309 670 309 670 348 670 348 670 348 0 3 0 3
 255 5 371 127 371 127 371 166 371 166 345 166 345 166 0 3 0 3
 255 5 475 127 475 127 475 127 475 166 475 166 475 166 0 3 0 3
 255 5 592 166 592 166 592 166 592 127 592 127 592 127 0 3 0 3
 16744703 5 261 209 261 209 261 211 345 211 345 270 345 270 0 4 0 3
 16744703 5 358 270 358 270 358 250 514 250 514 270 514 270 0 3 0 3
 8388863 5 280 235 280 235 280 242 371 242 371 270 371 270 0 4 0 3
 16776960 5 540 283 540 283 540 283 605 283 605 283 605 283 0 3 0 3
 8388863 5 384 283 384 283 384 283 527 283 527 283 527 283 0 3 0 3
 8388863 5 384 270 384 270 501 270 501 270 501 205 501 205 0 3 0 3
 16744703 5 261 222 261 222 261 197 488 197 488 205 488 205 0 4 0 3
 16744703 5 358 309 358 309 527 309 527 309 527 205 527 205 0 3 0 3
 8388863 5 280 209 280 209 280 178 540 178 540 205 540 205 0 4 0 3
 16776960 5 514 192 514 192 514 192 605 192 605 192 605 192 0 3 0 3
 16776960 5 553 205 553 205 553 205 618 205 618 205 618 205 0 3 0 3
 12615680 5 631 205 631 205 628 205 628 230 592 230 592 270 0 3 0 3
 8388672 5 618 309 618 309 618 426 618 426 643 426 643 426 0 3 0 7
 0 5 608 419 608 419 608 348 608 348 605 348 605 348 0 7 0 3
3
 7008 1 14 469 218 5 0 1962127696 7887480 3
 7004 1 14 339 218 5 0 1962127696 7887480 3
 7032 1 14 586 218 5 0 1962127696 7887480 3
