Version 0.9.7
5
 4 10 175 77 128 0 1
 5 80 400 206 81 2 2
 0 307 104 877 276 8 3
 1 95 203 206 81 150 5
 3 316 391 203 58 160 6
 0
32
 255 5 71 228 71 228 110 228 110 228 110 214 110 214 0 1 0 5
 255 5 71 189 71 189 71 118 71 118 360 118 360 118 0 1 0 3
 0 5 71 262 71 262 110 262 110 262 110 272 110 272 0 1 0 5
 0 5 71 288 71 288 71 353 360 353 360 352 360 352 0 1 0 3
 0 5 425 313 425 313 425 313 425 352 425 352 425 352 0 3 0 3
 255 5 347 170 347 170 347 131 347 131 360 131 360 131 0 3 0 3
 65408 5 373 313 373 313 304 313 304 460 362 460 362 435 0 3 0 6
 0 5 71 275 71 275 71 294 327 294 327 428 327 428 0 1 0 6
 0 5 1127 365 1127 365 1127 365 1127 352 1127 352 1127 352 0 3 0 3
 255 5 1127 118 1127 118 1127 118 1127 131 1127 131 1127 131 0 3 0 3
 4227327 5 284 240 284 240 347 240 347 240 347 274 347 274 0 5 0 3
 255 5 451 170 451 170 451 170 451 131 451 131 451 131 0 3 0 3
 255 5 555 170 555 170 555 170 555 131 555 131 555 131 0 3 0 3
 255 5 659 170 659 170 659 170 659 131 659 131 659 131 0 3 0 3
 255 5 763 170 763 170 763 170 763 131 763 131 763 131 0 3 0 3
 0 5 529 313 529 313 529 313 529 352 529 352 529 352 0 3 0 3
 0 5 633 313 633 313 633 313 633 352 633 352 633 352 0 3 0 3
 0 5 737 313 737 313 737 313 737 352 737 352 737 352 0 3 0 3
 0 5 841 313 841 313 841 313 841 352 841 352 841 352 0 3 0 3
 4227327 5 347 287 347 287 347 287 451 287 451 287 451 287 0 3 0 3
 4227327 5 451 274 451 274 451 274 568 274 568 274 568 274 0 3 0 3
 4227327 5 568 287 568 287 568 287 659 287 659 287 659 287 0 3 0 3
 4227327 5 659 274 659 274 659 274 763 274 763 274 763 274 0 3 0 3
 32768 5 265 240 265 240 265 228 360 228 360 274 360 274 0 5 0 3
 32768 5 360 300 360 300 360 300 464 300 464 300 464 300 0 3 0 3
 32768 5 464 313 464 313 464 313 581 313 581 313 581 313 0 3 0 3
 32768 5 581 300 581 300 581 300 672 300 672 300 672 300 0 3 0 3
 32768 5 672 287 672 287 672 287 776 287 776 287 776 287 0 3 0 3
 16711680 5 477 300 477 300 528 300 528 463 382 463 382 435 0 3 0 6
 8388736 5 555 300 555 300 555 477 402 477 402 435 402 435 0 3 0 6
 16711808 5 685 313 685 313 685 493 422 493 422 435 422 435 0 3 0 6
 8388863 5 789 313 789 313 789 508 442 508 442 435 442 435 0 3 0 6
5
 7008 1 14 341 222 5 0 1961472336 3103352 3
 7000 1 14 445 222 5 0 1961472336 3103352 3
 7002 1 14 549 222 5 0 1961472336 3103352 3
 7032 1 14 653 222 5 0 1961472336 3103352 3
 7086 1 14 757 222 5 0 1961472336 3103352 3
