Version 0.9.7
5
 4 12 189 77 128 0 1
 5 80 400 206 81 2 2
 0 110 110 877 276 8 3
 1 111 395 206 81 140 4
 3 625 48 203 58 150 5
 0
65
 16711680 5 73 302 73 302 97 302 97 371 163 371 163 371 0 1 0 3
 16711680 5 930 371 930 371 930 371 930 124 930 124 930 124 0 3 0 3
 255 5 73 203 73 203 73 137 73 137 163 137 163 137 0 1 0 3
 255 5 917 137 917 137 946 137 946 358 930 358 930 358 0 3 0 3
 255 5 176 137 176 137 165 137 165 176 163 176 163 176 0 3 0 3
 255 5 371 176 371 176 371 176 371 137 371 137 371 137 0 3 0 3
 16711680 5 241 319 241 319 242 319 242 371 241 371 241 371 0 3 0 3
 16711680 5 449 319 449 319 449 319 449 371 449 371 449 371 0 3 0 3
 16711680 5 657 319 657 319 657 319 657 371 657 371 657 371 0 3 0 3
 255 5 579 176 579 176 579 176 579 137 579 137 579 137 0 3 0 3
 8454143 5 186 406 186 406 186 319 186 319 189 319 189 319 0 4 0 3
 8454143 5 202 280 202 280 202 272 254 272 254 280 254 280 0 3 0 3
 8454143 5 254 267 254 267 254 267 254 228 254 228 254 228 0 3 0 3
 8454143 5 254 176 254 176 254 166 592 166 592 176 592 176 0 3 0 3
 65408 5 205 406 205 406 205 406 215 406 215 319 215 319 0 4 0 3
 16777088 5 224 406 224 406 224 380 263 380 263 319 267 319 0 4 0 3
 16777088 5 267 267 267 267 267 267 267 228 267 228 267 228 0 3 0 3
 16777088 5 267 176 267 176 267 176 228 176 228 176 228 176 0 3 0 3
 16777088 5 241 215 241 215 241 219 358 219 358 215 358 215 0 3 0 3
 16777088 5 358 228 358 228 358 228 358 267 358 267 358 267 0 3 0 3
 16777088 5 358 280 358 280 358 280 384 280 384 280 384 280 0 3 0 3
 65280 5 228 306 228 306 228 306 371 306 371 306 371 306 0 3 0 3
 8454143 5 254 202 254 202 254 202 384 202 384 202 384 202 0 3 0 3
 8388863 5 243 406 236 406 236 340 163 340 163 319 163 319 0 4 0 3
 8388863 5 176 280 176 280 176 280 150 280 150 280 150 280 0 3 0 3
 8388863 5 150 267 150 267 150 267 150 228 150 228 150 228 0 3 0 3
 8388863 5 150 189 150 189 150 189 605 189 605 189 605 189 0 3 0 3
 8388863 5 605 215 605 215 605 215 631 215 631 215 631 215 0 3 0 3
 65280 5 371 293 371 293 371 293 566 293 566 293 566 293 0 3 0 3
 65280 5 566 267 566 267 566 267 566 228 566 228 566 228 0 3 0 3
 65280 5 566 202 566 202 566 202 644 202 644 202 644 202 0 3 0 3
 16777088 5 384 319 384 319 384 319 410 319 410 319 410 319 0 3 0 3
 8454143 5 189 293 189 293 189 298 397 298 397 306 397 306 0 3 0 3
 8388863 5 243 419 243 419 243 388 423 388 423 319 423 319 0 4 0 3
 8388863 5 423 306 423 306 423 306 462 306 462 306 462 306 0 3 0 3
 8388863 5 462 267 462 267 462 267 462 228 462 228 462 228 0 3 0 3
 8388863 5 462 215 462 215 462 216 436 216 436 215 436 215 0 3 0 3
 65280 5 215 293 215 293 215 289 280 289 280 293 280 293 0 3 0 3
 65280 5 280 267 280 267 280 267 280 228 280 228 280 228 0 3 0 3
 65280 5 280 215 280 215 280 210 410 210 410 215 410 215 0 3 0 3
 16777088 5 228 202 228 202 228 182 423 182 423 202 423 202 0 3 0 3
 255 5 73 242 73 242 105 242 105 406 126 406 126 406 0 1 0 4
 16711680 5 73 289 73 289 73 464 73 464 126 464 126 464 0 1 0 4
 8388736 5 618 189 618 189 618 189 670 189 670 189 670 189 0 3 0 3
 8388736 5 670 228 670 228 670 228 670 267 670 267 670 267 0 3 0 3
 8388736 5 670 280 670 280 670 280 722 280 722 280 722 280 0 3 0 3
 12615935 5 397 215 397 215 397 223 475 223 475 228 475 228 0 3 0 3
 12615935 5 475 215 475 215 475 215 475 267 475 267 475 267 0 3 0 3
 12615935 5 475 319 475 319 475 312 735 312 735 319 735 319 0 3 0 3
 4227200 5 748 280 748 280 748 280 761 280 761 280 761 280 0 3 0 3
 12615680 5 657 215 657 215 657 215 683 215 683 215 683 215 0 3 0 3
 12615680 5 683 228 683 228 683 228 683 267 683 267 683 267 0 3 0 3
 12615680 5 683 293 683 293 683 293 774 293 774 293 774 293 0 3 0 3
 255 5 722 176 722 176 722 176 722 137 722 137 722 137 0 3 0 3
 32896 5 787 306 787 306 787 306 709 306 709 306 709 306 0 3 0 3
 32896 5 709 267 709 267 709 267 709 228 709 228 709 228 0 3 0 3
 32896 5 709 215 709 215 709 215 735 215 735 215 735 215 0 3 0 3
 32768 5 436 319 436 319 696 319 696 319 696 306 696 306 0 3 0 3
 32768 5 696 267 696 267 696 267 696 228 696 228 696 228 0 3 0 3
 32768 5 696 202 696 202 696 202 748 202 748 202 748 202 0 3 0 3
 32896 5 761 215 761 215 761 215 774 215 774 215 774 215 0 3 0 3
 8421504 5 449 176 449 176 449 181 787 181 787 176 787 176 0 3 0 3
 16711680 5 636 85 636 85 636 124 636 124 631 124 631 124 0 5 0 3
 128 5 800 176 800 176 800 92 800 92 791 92 791 92 0 3 0 5
 16711680 5 800 319 800 319 800 319 800 371 800 371 800 371 0 3 0 3
4
 7008 1 14 573 228 5 0 1954328912 36199032 3
 7004 1 14 157 228 5 0 1954328912 36199032 3
 7011 1 14 365 228 5 0 1954328912 36199032 3
 7032 1 14 716 228 5 0 1954328912 36199032 3
