Version 0.9.7
8
 4 4 479 77 128 0 1
 5 80 400 206 81 2 2
 0 39 116 877 276 8 3
 1 91 405 206 81 140 4
 3 170 40 203 58 150 5
 1 578 403 206 81 159 6
 3 447 35 203 58 169 7
 6 772 -1 449 130 178 8
 0
79
 255 5 65 493 65 493 14 493 14 58 92 58 92 130 0 1 0 3
 16744448 5 65 592 65 592 65 377 65 377 92 377 92 377 0 1 0 3
 16744448 5 859 377 859 377 859 377 859 364 859 364 859 364 0 3 0 3
 255 5 859 130 859 130 859 130 859 143 859 143 859 143 0 3 0 3
 255 5 65 532 65 532 106 532 106 532 106 416 106 416 0 1 0 4
 16744448 5 65 579 65 579 65 474 65 474 106 474 106 474 0 1 0 4
 16744448 5 157 325 157 325 157 325 157 364 157 364 157 364 0 3 0 3
 16744448 5 274 325 274 325 274 325 274 364 274 364 274 364 0 3 0 3
 16744448 5 391 325 391 325 391 325 391 364 391 364 391 364 0 3 0 3
 255 5 92 143 92 143 82 143 82 182 79 182 79 182 0 3 0 3
 255 5 196 182 196 182 196 182 196 143 196 143 196 143 0 3 0 3
 255 5 313 182 313 182 313 182 313 143 313 143 313 143 0 3 0 3
 8454016 5 147 416 147 416 152 325 140 325 79 325 79 325 0 4 0 3
 8454016 5 92 286 92 286 92 288 313 288 313 286 313 286 0 3 0 3
 8421376 5 166 416 166 416 166 373 326 373 326 325 326 325 0 4 0 3
 8388863 5 339 325 339 325 339 325 300 325 300 325 300 325 0 3 0 3
 8388863 5 300 273 300 273 300 273 300 234 300 234 300 234 0 3 0 3
 8388863 5 300 182 300 182 316 182 316 182 316 84 316 84 0 3 0 5
 8454016 5 313 299 313 299 313 299 352 299 352 299 352 299 0 3 0 3
 8421376 5 166 429 166 429 105 429 105 429 105 325 105 325 0 4 0 3
 8421376 5 118 312 118 312 118 314 365 314 365 312 365 312 0 3 0 3
 16776960 5 378 286 378 286 378 268 196 268 196 286 196 286 0 3 0 3
 8454016 5 79 299 79 299 79 299 66 299 66 299 66 299 0 3 0 3
 8454016 5 66 273 66 273 66 273 66 234 66 234 66 234 0 3 0 3
 8454016 5 66 221 66 221 66 221 326 221 326 221 326 221 0 3 0 3
 4227072 5 105 312 105 312 105 306 170 306 170 312 170 312 0 3 0 3
 4227072 5 170 273 170 273 170 273 170 234 170 234 170 234 0 3 0 3
 4227072 5 170 208 170 208 170 208 339 208 339 208 339 208 0 3 0 3
 16777088 5 352 221 352 221 352 221 404 221 404 221 404 221 0 3 0 3
 16777088 5 404 234 404 234 404 234 404 273 404 273 404 273 0 3 0 3
 16777088 5 404 299 404 299 404 305 209 305 209 299 209 299 0 3 0 3
 16711680 5 222 286 222 286 222 278 417 278 417 286 417 286 0 3 0 3
 16711680 5 417 273 417 273 417 273 417 234 417 234 417 234 0 3 0 3
 16711680 5 417 182 417 182 417 118 336 118 336 84 336 84 0 3 0 5
 8454016 5 326 195 326 195 326 195 365 195 365 195 365 195 0 3 0 3
 4227072 5 365 325 365 325 365 325 430 325 430 325 430 325 0 3 0 3
 4227072 5 430 273 430 273 430 273 430 234 430 234 430 234 0 3 0 3
 4227072 5 430 208 430 208 430 208 378 208 378 208 378 208 0 3 0 3
 4210816 5 356 84 356 84 356 102 391 102 391 182 391 182 0 5 0 3
 16711680 5 65 553 65 553 27 553 27 77 181 77 181 77 0 1 0 5
 8454016 5 634 414 634 414 634 325 634 325 573 325 573 325 0 6 0 3
 16777088 5 653 414 653 414 648 414 648 325 586 325 586 325 0 6 0 3
 255 5 573 182 573 182 573 182 573 143 573 143 573 143 0 3 0 3
 16711680 5 651 364 651 364 651 364 651 325 651 325 651 325 0 3 0 3
 12615935 5 599 286 599 286 599 286 560 286 560 286 560 286 0 3 0 3
 12615935 5 560 273 560 273 560 273 560 234 560 234 560 234 0 3 0 3
 12615935 5 560 182 560 182 560 106 513 106 513 79 513 79 0 3 0 7
 8454143 5 672 414 672 414 672 333 625 333 625 325 625 325 0 6 0 3
 16777088 5 586 312 586 312 586 312 612 312 612 312 612 312 0 3 0 3
 16744703 5 638 286 638 286 638 286 664 286 664 286 664 286 0 3 0 3
 16744703 5 664 273 664 273 664 273 664 234 664 234 664 234 0 3 0 3
 16744703 5 664 182 664 182 533 182 533 182 533 79 533 79 0 3 0 7
 8454143 5 625 312 625 312 625 312 677 312 677 312 677 312 0 3 0 3
 8454143 5 677 273 677 273 677 273 677 234 677 234 677 234 0 3 0 3
 8454143 5 677 221 677 221 677 221 625 221 625 221 625 221 0 3 0 3
 4227327 5 691 414 691 414 691 325 691 325 690 325 690 325 0 6 0 3
 4227327 5 690 273 690 273 690 273 690 234 690 234 690 234 0 3 0 3
 4227327 5 690 208 690 208 690 208 638 208 638 208 638 208 0 3 0 3
 8388736 5 651 182 651 182 651 79 651 79 553 79 553 79 0 3 0 7
 8454016 5 573 312 573 312 573 312 547 312 547 312 547 312 0 3 0 3
 8454016 5 547 273 547 273 547 273 547 234 547 234 547 234 0 3 0 3
 8454016 5 547 182 547 182 611 182 611 79 493 79 493 79 0 3 0 7
 16711680 5 458 72 458 72 458 24 998 24 998 364 846 364 0 7 0 3
 16711680 5 593 472 593 472 495 472 495 472 495 377 495 377 0 6 0 3
 255 5 521 143 521 143 521 414 521 414 593 414 593 414 0 3 0 6
 16777215 5 794 221 794 221 874 221 874 221 874 122 874 122 0 3 0 8
 16777215 5 887 122 887 122 887 208 887 208 807 208 807 208 0 8 0 3
 16777215 5 820 182 820 182 809 182 809 182 809 122 809 122 0 3 0 8
 16777215 5 833 182 833 182 822 182 822 182 822 122 822 122 0 3 0 8
 16777215 5 846 182 846 182 835 182 835 182 835 122 835 122 0 3 0 8
 16777215 5 859 221 859 221 848 221 848 221 848 122 848 122 0 3 0 8
 16777215 5 872 221 872 221 861 221 861 221 861 122 861 122 0 3 0 8
 4227327 5 710 414 710 414 710 371 846 371 846 325 846 325 0 6 0 3
 8388863 5 767 440 767 440 859 440 859 440 859 325 859 325 0 6 0 3
 255 5 788 26 788 26 742 26 742 26 742 130 742 130 0 8 0 3
 255 5 781 221 781 221 742 221 742 221 742 143 742 143 0 3 0 3
 16711680 5 872 325 872 325 872 377 872 377 833 377 833 377 0 3 0 3
 65535 5 729 414 729 414 729 325 729 325 794 325 794 325 0 6 0 3
 65535 5 748 427 748 427 781 427 781 427 781 312 781 312 0 6 0 3
5
 7008 1 14 307 234 5 0 13043040 34691704 3
 7086 1 14 190 234 5 0 1954328912 34691704 3
 7004 1 14 73 234 5 0 1954328912 34691704 3
 7086 1 14 567 234 5 0 1954328912 34691704 3
 7047 1 16 775 234 5 0 1954328912 33053304 3
