0.006 0.005 0.021 0.004 0.020 0.010 0.005 0.022 0.032 -0.003 
-0.013 -0.015 -0.014 -0.009 -0.026 -0.017 -0.009 -0.029 -0.042 -0.004 
0.008 0.013 0.011 0.026 0.019 -0.002 0.014 0.040 0.041 0.001 
-0.000 -0.000 0.002 0.009 0.002 -0.005 -0.003 0.009 0.007 -0.005 
-0.005 -0.005 -0.014 -0.002 -0.023 -0.013 0.001 -0.020 -0.030 0.003 
0.003 -0.003 -0.000 0.011 -0.004 -0.006 -0.002 0.005 0.002 -0.001 
-0.004 -0.002 -0.020 -0.007 -0.020 -0.007 -0.005 -0.023 -0.036 0.008 
0.007 0.006 0.017 0.010 0.021 0.008 0.009 0.023 0.032 -0.003 
0.003 0.005 0.006 0.014 0.012 -0.001 0.008 0.024 0.021 -0.002 
0.005 0.015 0.007 0.018 0.022 0.006 0.011 0.037 0.036 0.003 
