0.017 0.012 -0.114 0.024 -0.064 0.016 -0.061 -0.031 -0.060 0.041 
-0.011 -0.015 0.010 -0.033 -0.046 -0.026 -0.014 0.017 0.020 0.015 
0.099 0.045 -0.316 0.017 -0.153 0.055 -0.175 -0.022 -0.225 0.012 
0.058 0.046 -0.230 0.007 -0.087 0.043 -0.077 -0.016 -0.133 0.031 
-0.046 0.005 0.230 0.025 0.137 -0.013 0.186 -0.072 0.069 -0.029 
-0.032 -0.016 0.064 -0.021 0.072 0.012 0.035 0.004 0.058 -0.041 
-0.029 -0.042 0.190 -0.035 0.093 -0.058 0.088 0.018 0.105 -0.016 
0.002 0.015 0.089 0.041 0.045 0.013 0.085 -0.062 0.045 -0.015 
-0.021 0.033 -0.035 -0.001 -0.002 -0.009 -0.028 0.020 0.016 0.011 
0.067 -0.002 -0.324 -0.028 -0.168 -0.005 -0.199 0.079 -0.172 0.006 
