-0.623 1.169 -0.332 -2.065 0.474 1.359 -1.728 -1.152 -0.853 -1.802 
0.468 -0.875 0.265 1.543 -0.322 -1.007 1.258 0.880 0.689 1.354 
0.912 -1.735 0.489 3.118 -0.712 -2.089 2.609 1.692 1.281 2.637 
0.158 -0.346 0.117 0.593 -0.141 -0.365 0.519 0.317 0.235 0.506 
0.117 -0.211 0.022 0.315 0.014 -0.196 0.229 0.230 0.204 0.342 
0.089 -0.132 0.057 0.264 -0.045 -0.189 0.223 0.128 0.085 0.221 
0.305 -0.575 0.201 1.027 -0.268 -0.717 0.962 0.598 0.388 0.906 
-0.587 1.038 -0.306 -1.819 0.405 1.215 -1.605 -1.032 -0.765 -1.610 
0.172 -0.294 0.047 0.545 -0.040 -0.344 0.409 0.317 0.288 0.530 
0.099 -0.183 0.103 0.392 -0.114 -0.245 0.376 0.208 0.090 0.301 
