-0.002 -0.015 0.008 -0.023 0.032 -0.000 0.001 -0.010 0.003 0.015 
-0.006 -0.015 -0.001 -0.024 0.019 -0.009 0.000 -0.010 0.014 0.024 
0.000 -0.005 0.004 -0.011 0.012 -0.001 0.004 -0.009 0.004 0.006 
-0.010 -0.019 0.007 -0.030 0.028 0.004 -0.006 -0.002 0.007 0.025 
-0.004 -0.005 0.000 -0.019 0.012 -0.001 -0.004 -0.008 0.011 0.014 
0.007 0.014 -0.013 0.026 -0.030 -0.007 0.004 0.005 0.003 -0.013 
0.004 -0.006 0.003 0.001 0.017 0.003 0.005 -0.009 -0.006 -0.001 
0.007 0.012 -0.013 0.031 -0.034 -0.006 -0.000 0.007 -0.002 -0.016 
0.005 0.008 -0.009 0.018 -0.021 0.003 -0.001 0.007 -0.002 -0.007 
-0.000 -0.003 0.010 -0.010 0.016 0.002 0.001 -0.005 -0.003 0.003 
