0.002 0.006 0.011 0.048 0.029 0.007 0.025 -0.019 -0.035 0.016 
0.012 -0.012 0.018 -0.039 -0.044 -0.021 0.035 -0.006 0.005 0.005 
0.027 -0.034 0.004 -0.015 0.046 0.001 0.005 0.055 -0.011 0.004 
-0.042 0.053 0.032 0.015 -0.029 0.027 0.041 -0.044 0.008 -0.010 
-0.024 0.031 0.005 -0.000 0.003 0.016 0.052 -0.047 -0.013 0.014 
-0.007 0.018 -0.023 -0.007 0.009 -0.014 -0.001 0.033 -0.014 -0.008 
-0.008 0.051 0.010 -0.001 -0.018 -0.002 0.025 -0.038 0.007 -0.023 
0.007 0.033 0.005 0.021 -0.014 0.034 -0.001 -0.011 -0.020 -0.017 
-0.019 0.069 -0.012 0.034 -0.046 0.029 0.015 -0.039 0.020 -0.005 
0.003 0.004 -0.006 -0.049 -0.059 -0.005 0.046 0.014 0.024 -0.076 
