9.791 9.565 3.097 1.504 -3.402 -1.604 -2.318 -11.964 5.594 7.268 
-1.432 -2.369 -4.250 -7.121 -5.176 5.607 13.542 -1.521 8.675 9.369 
-5.484 -5.836 -0.385 1.079 10.253 -18.994 -2.973 -5.206 -8.050 5.256 
2.570 4.309 1.935 8.872 3.585 7.929 4.274 2.640 -1.238 -3.515 
5.804 8.098 -2.677 -19.237 -1.211 14.565 12.975 14.664 -3.523 -2.520 
-6.126 -9.703 12.786 -15.676 9.860 1.293 -2.612 14.377 -1.803 -9.438 
-2.560 -1.462 -10.906 -1.249 -2.810 5.488 -7.773 -10.339 -13.268 0.428 
-14.465 8.870 11.159 2.634 7.532 11.795 -8.659 8.109 -5.621 -2.526 
-12.393 3.540 2.972 -15.710 -2.441 -2.140 1.309 3.907 -0.716 -2.388 
-12.649 9.642 11.196 12.414 -2.334 15.565 -0.217 -3.273 -12.923 2.532 
