-0.314 -0.233 0.619 0.038 0.108 0.489 0.085 -0.436 -0.005 0.344 
0.599 0.545 -0.822 0.075 -0.166 -0.641 -0.206 0.563 0.050 -0.171 
-2.468 -2.558 3.408 -0.420 0.814 2.550 0.809 -2.334 -0.289 0.660 
-1.530 -1.596 2.111 -0.261 0.471 1.561 0.537 -1.415 -0.226 0.388 
-1.103 -1.197 1.637 -0.179 0.406 1.198 0.422 -1.074 -0.139 0.326 
-0.113 -0.142 0.153 -0.009 0.076 0.146 0.116 -0.123 -0.047 0.045 
-0.410 -0.435 0.442 -0.094 0.154 0.278 0.099 -0.306 -0.056 -0.041 
0.832 0.956 -1.073 0.166 -0.274 -0.780 -0.306 0.770 0.104 -0.090 
0.048 -0.019 -0.123 -0.012 -0.017 -0.054 0.004 0.085 -0.050 -0.139 
-3.090 -3.233 4.329 -0.566 1.049 3.198 1.116 -2.967 -0.423 0.846 
