-0.173 0.362 0.158 0.235 0.190 -0.165 -0.124 -0.222 -0.288 -0.167 
-0.110 0.337 0.018 0.274 -0.010 -0.029 0.069 -0.191 -0.187 -0.147 
0.119 -0.101 -0.031 -0.074 -0.077 0.090 -0.002 0.104 0.088 0.007 
0.039 -0.043 -0.067 0.026 -0.070 0.023 0.050 -0.026 0.019 0.028 
-0.298 0.573 0.147 0.397 0.140 -0.157 -0.068 -0.334 -0.406 -0.210 
0.141 -0.265 -0.122 -0.194 -0.074 0.100 0.031 0.209 0.164 0.112 
-0.144 0.298 0.122 0.174 0.128 -0.102 -0.074 -0.223 -0.176 -0.068 
0.016 -0.057 -0.015 0.017 0.016 0.003 -0.029 0.005 0.024 0.010 
0.064 -0.117 -0.074 -0.108 -0.088 0.046 0.004 0.114 0.106 0.016 
-0.384 0.594 0.346 0.398 0.392 -0.369 -0.264 -0.392 -0.465 -0.170 
