2.790 3.687 -3.534 -7.073 5.544 -7.500 -5.217 -4.226 7.396 4.396 
0.841 -9.941 -5.922 -4.997 -0.716 -2.749 4.976 4.768 2.967 6.216 
1.200 -2.758 -9.422 2.854 9.164 -9.144 3.827 1.029 0.287 2.292 
9.830 -2.082 -2.528 9.575 4.317 6.885 8.945 -6.966 1.282 -8.960 
0.121 2.217 4.703 -9.434 4.090 6.924 7.960 6.975 1.368 0.465 
-3.430 -2.607 9.526 -6.744 -0.127 2.020 -6.669 4.914 7.278 -2.134 
-3.980 -7.071 -5.281 1.911 2.325 6.082 -3.086 -3.199 -6.114 0.707 
-8.913 2.209 7.678 7.927 7.745 4.978 -1.945 9.996 -5.839 -8.809 
-6.929 -6.138 6.171 -6.729 5.663 0.096 -6.080 -4.754 -9.639 -4.728 
-2.822 9.302 6.119 5.979 -4.153 6.757 -4.092 2.529 -8.707 -3.432 
