7.001 5.878 6.631 8.577 -8.946 5.896 2.899 -7.738 -1.802 2.872 
-2.273 7.572 1.672 -2.124 -4.460 8.356 8.566 -6.289 5.708 3.153 
-6.684 -3.078 9.037 -1.775 1.089 -9.850 -6.800 -6.235 -8.337 2.964 
-7.260 6.391 4.463 -0.703 -0.732 1.044 -4.671 9.606 -2.520 5.445 
5.683 5.881 -7.380 -9.803 -5.301 7.641 5.015 7.689 -4.891 -2.985 
-2.696 -7.096 3.260 -8.932 9.987 -0.727 4.057 9.463 -9.081 -7.304 
1.420 5.609 -5.625 -3.160 -5.135 -0.594 -4.687 -7.140 -7.154 -0.279 
-5.552 6.661 3.481 -5.293 -0.213 6.817 -6.714 -1.887 0.218 6.283 
-5.464 9.678 -3.199 -8.981 -8.104 -2.236 7.389 8.661 8.923 2.340 
-9.827 0.340 5.077 6.435 1.819 8.808 3.875 -5.802 -4.216 5.964 
