157.252 -103.786 -197.887 40.291 19.738 -121.934 -10.400 -158.702 132.612 57.797 
-74.534 -195.684 -27.576 -104.644 -40.735 -5.038 -116.101 -37.251 -39.998 63.681 
138.116 125.873 -172.792 139.009 -77.617 -101.789 184.292 0.985 4.086 88.989 
-85.037 14.875 70.228 142.018 16.567 44.231 56.451 207.382 -78.407 -72.923 
-157.446 -44.640 71.367 -100.432 -49.395 -31.932 -197.949 141.810 90.731 82.870 
-110.634 74.257 33.958 -10.805 84.020 37.659 49.855 215.534 27.931 25.249 
104.933 20.419 -82.979 -51.018 -187.810 -99.767 6.785 -24.842 151.864 149.773 
-56.850 -3.099 85.453 -70.415 -83.320 -40.401 -21.718 145.157 17.497 47.037 
-267.573 -167.089 52.288 23.420 -13.098 25.886 -168.985 87.428 -253.620 -11.010 
60.899 -44.804 6.537 92.792 -58.669 135.615 86.244 24.251 3.524 -51.743 
