4.211 2.191 10.165 15.650 -14.490 13.396 8.116 -3.512 -9.198 -1.524 
-3.114 17.513 7.594 2.873 -3.744 11.105 3.590 -11.057 2.741 -3.063 
-7.884 -0.320 18.459 -4.629 -8.075 -0.706 -10.627 -7.264 -8.624 0.672 
-17.090 8.473 6.991 -10.278 -5.049 -5.841 -13.616 16.572 -3.802 14.405 
5.562 3.664 -12.083 -0.369 -9.391 0.717 -2.945 0.714 -6.259 -3.450 
0.734 -4.489 -6.266 -2.188 10.114 -2.747 10.726 4.549 -16.359 -5.170 
5.400 12.680 -0.344 -5.071 -7.460 -6.676 -1.601 -3.941 -1.040 -0.986 
3.361 4.452 -4.197 -13.220 -7.958 1.839 -4.769 -11.883 6.057 15.092 
1.465 15.816 -9.370 -2.252 -13.767 -2.332 13.469 13.415 18.562 7.068 
-7.005 -8.962 -1.042 0.456 5.972 2.051 7.967 -8.331 4.491 9.396 
