2.790 0.841 1.200 9.830 0.121 -3.430 -3.980 -8.913 -6.929 -2.822 
3.687 -9.941 -2.758 -2.082 2.217 -2.607 -7.071 2.209 -6.138 9.302 
-3.534 -5.922 -9.422 -2.528 4.703 9.526 -5.281 7.678 6.171 6.119 
-7.073 -4.997 2.854 9.575 -9.434 -6.744 1.911 7.927 -6.729 5.979 
5.544 -0.716 9.164 4.317 4.090 -0.127 2.325 7.745 5.663 -4.153 
-7.500 -2.749 -9.144 6.885 6.924 2.020 6.082 4.978 0.096 6.757 
-5.217 4.976 3.827 8.945 7.960 -6.669 -3.086 -1.945 -6.080 -4.092 
-4.226 4.768 1.029 -6.966 6.975 4.914 -3.199 9.996 -4.754 2.529 
7.396 2.967 0.287 1.282 1.368 7.278 -6.114 -5.839 -9.639 -8.707 
4.396 6.216 2.292 -8.960 0.465 -2.134 0.707 -8.809 -4.728 -3.432 
