7.001 -2.273 -6.684 -7.260 5.683 -2.696 1.420 -5.552 -5.464 -9.827 
5.878 7.572 -3.078 6.391 5.881 -7.096 5.609 6.661 9.678 0.340 
6.631 1.672 9.037 4.463 -7.380 3.260 -5.625 3.481 -3.199 5.077 
8.577 -2.124 -1.775 -0.703 -9.803 -8.932 -3.160 -5.293 -8.981 6.435 
-8.946 -4.460 1.089 -0.732 -5.301 9.987 -5.135 -0.213 -8.104 1.819 
5.896 8.356 -9.850 1.044 7.641 -0.727 -0.594 6.817 -2.236 8.808 
2.899 8.566 -6.800 -4.671 5.015 4.057 -4.687 -6.714 7.389 3.875 
-7.738 -6.289 -6.235 9.606 7.689 9.463 -7.140 -1.887 8.661 -5.802 
-1.802 5.708 -8.337 -2.520 -4.891 -9.081 -7.154 0.218 8.923 -4.216 
2.872 3.153 2.964 5.445 -2.985 -7.304 -0.279 6.283 2.340 5.964 
