1.369 8.457 -10.970 5.456 10.778 3.884 -1.257 7.476 -6.179 -0.287 
-0.416 -9.645 -2.197 3.424 0.932 -9.490 -0.179 -15.317 -9.088 -7.826 
1.338 -3.378 17.580 8.864 8.775 -0.941 4.229 2.429 1.367 -0.067 
10.108 -14.071 -12.465 -8.811 -12.237 16.586 -8.976 -4.639 8.282 5.066 
-11.944 -0.884 5.669 7.342 -3.251 9.995 11.618 5.380 0.051 -7.393 
-8.073 2.907 3.442 0.535 15.793 2.504 -11.352 0.183 9.256 10.284 
4.624 2.832 4.039 -5.616 -2.953 1.151 -6.986 -16.448 -2.413 6.408 
3.568 12.054 14.176 2.635 0.109 -2.850 3.556 13.998 -13.039 15.421 
7.343 1.611 2.902 -15.852 -7.157 -13.929 -1.415 -5.957 -0.098 -8.070 
8.113 -0.460 -4.996 -9.627 5.991 -7.082 -6.101 16.358 0.730 8.516 
