0.079 -0.041 -0.026 -0.061 0.041 -0.100 0.092 -0.002 -0.013 -0.020 
0.050 -0.003 -0.062 -0.045 0.044 0.037 0.021 0.042 0.025 -0.015 
-0.075 0.018 0.000 -0.013 -0.008 -0.007 0.018 0.004 -0.024 0.007 
0.042 0.005 0.002 -0.039 -0.014 -0.063 0.022 0.009 -0.042 -0.047 
0.118 -0.040 0.037 -0.039 0.070 -0.086 0.049 -0.049 -0.046 0.017 
0.078 -0.031 0.034 0.036 0.082 -0.057 0.011 -0.016 -0.025 0.023 
-0.091 -0.012 0.029 0.013 -0.045 0.045 -0.039 -0.022 0.019 -0.018 
-0.170 -0.005 0.009 0.049 -0.103 0.044 -0.080 0.003 -0.025 0.046 
-0.107 -0.018 -0.017 0.001 -0.064 0.007 0.019 -0.038 -0.050 -0.024 
-0.118 0.009 0.007 0.057 -0.089 0.119 -0.047 0.048 0.035 0.003 
