-0.029 0.054 0.056 0.028 -0.025 0.043 0.033 0.037 -0.021 0.018 
0.030 -0.016 -0.016 -0.039 -0.027 -0.014 0.008 -0.023 0.021 0.031 
-0.002 -0.039 0.030 -0.041 -0.083 -0.040 -0.053 -0.005 -0.067 -0.040 
-0.050 0.048 0.043 -0.053 0.003 0.074 0.061 0.012 -0.044 0.039 
0.061 -0.006 -0.041 -0.031 -0.035 -0.021 -0.099 -0.044 0.018 -0.026 
0.060 -0.076 -0.025 -0.008 -0.052 -0.065 -0.056 -0.068 -0.035 -0.025 
0.057 -0.066 -0.028 -0.063 -0.082 -0.159 -0.134 -0.079 -0.044 -0.009 
0.004 0.015 0.026 0.050 0.068 0.045 0.043 0.060 0.020 0.011 
0.031 -0.059 -0.018 -0.059 -0.066 -0.090 -0.106 -0.099 0.004 0.034 
-0.026 -0.019 -0.033 -0.057 -0.062 0.009 -0.024 -0.011 -0.050 0.035 
