-2.592 -1.416 -8.559 1.242 4.134 -3.661 -6.200 -0.938 0.721 2.264 
-8.500 -8.085 7.142 -0.497 -4.061 -6.871 -9.114 -6.829 -0.985 -4.706 
-0.684 -4.193 9.251 4.415 9.698 -0.246 7.165 -3.711 -7.426 9.575 
0.527 -6.756 -5.939 -2.374 -9.878 9.340 -7.267 -4.068 6.650 2.177 
-3.308 7.463 9.375 -0.564 -3.538 9.954 7.168 -1.736 -0.675 -4.607 
-7.447 5.636 0.734 -1.706 9.381 -2.181 -1.587 -4.115 4.765 7.073 
4.782 -6.665 5.907 -6.319 3.330 -2.856 -7.584 -8.519 4.549 9.824 
4.773 4.980 7.077 8.994 -0.456 6.204 -0.356 4.013 -8.017 9.401 
9.483 -6.723 -3.359 -8.287 -7.208 -4.695 6.603 -2.044 -7.091 -3.262 
1.988 -2.376 1.792 -9.615 8.332 -7.757 -9.548 6.419 -4.524 1.208 
