3.961 9.872 -2.411 4.214 6.644 7.545 4.943 8.415 -6.901 -2.551 
8.083 -1.560 -9.339 3.920 4.993 -2.619 8.934 -8.488 -8.102 -3.121 
2.022 0.815 8.329 4.449 -0.924 -0.696 -2.936 6.141 8.793 -9.642 
9.581 -7.315 -6.526 -6.437 -2.359 7.247 -1.709 -0.572 1.632 2.889 
-8.636 -8.347 -3.706 7.906 0.287 0.041 4.450 7.115 0.726 -2.786 
-0.627 -2.729 2.708 2.241 6.412 4.685 -9.765 4.297 4.491 3.211 
-0.158 9.496 -1.868 0.703 -6.283 4.007 0.598 -7.928 -6.963 -3.416 
-1.205 7.074 7.099 -6.359 0.566 -9.054 3.912 9.984 -5.022 6.020 
-2.140 8.334 6.261 -7.565 0.051 -9.233 -8.018 -3.913 6.993 -4.809 
6.125 1.916 -6.788 -0.012 -2.340 0.675 3.447 9.939 5.254 7.308 
