-46.085 -119.131 -91.086 -41.948 -8.438 -39.354 46.335 10.084 7.502 102.475 
-67.005 -161.284 149.493 -35.513 -83.127 -52.642 -125.833 -56.012 218.483 -73.751 
18.669 -106.996 -98.780 154.252 -113.137 167.968 52.318 182.425 100.302 -30.556 
-2.661 47.030 101.305 -122.138 76.501 -0.262 -237.488 9.137 158.739 111.913 
59.279 11.176 61.444 76.230 35.492 38.933 -102.158 -133.008 15.885 -130.414 
-40.113 -132.503 -102.526 63.154 -37.944 -101.984 46.466 -24.484 108.613 -34.303 
-48.590 13.097 36.563 95.218 10.655 1.769 -40.220 203.029 231.241 -60.522 
229.656 -57.574 -124.135 58.286 50.564 154.881 81.495 227.331 6.807 83.862 
-41.161 217.862 30.920 55.819 -15.448 117.388 66.181 -27.914 -182.775 -14.356 
-156.069 -33.900 70.071 104.090 35.587 -139.493 172.436 248.844 -14.221 11.011 
