-6.553 -11.288 -6.148 -2.971 -2.510 -11.206 -11.144 -9.353 7.622 4.815 
-16.583 -6.525 16.481 -4.417 -9.054 -4.251 -18.048 1.660 7.117 -1.585 
-2.706 -5.008 0.922 -0.035 10.622 0.450 10.102 -9.852 -16.219 19.216 
-9.054 0.559 0.588 4.063 -7.519 2.093 -5.557 -3.496 5.018 -0.712 
5.329 15.810 13.081 -8.469 -3.825 9.914 2.719 -8.851 -1.401 -1.821 
-6.820 8.365 -1.974 -3.947 2.969 -6.865 8.178 -8.412 0.275 3.862 
4.940 -16.161 7.776 -7.022 9.613 -6.863 -8.181 -0.591 11.512 13.240 
5.979 -2.095 -0.022 15.353 -1.022 15.258 -4.268 -5.971 -2.995 3.381 
11.623 -15.057 -9.620 -0.721 -7.259 4.538 14.621 1.869 -14.084 1.547 
-4.138 -4.293 8.580 -9.603 10.672 -8.433 -12.995 -3.520 -9.778 -6.100 
