-2.592 -8.500 -0.684 0.527 -3.308 -7.447 4.782 4.773 9.483 1.988 
-1.416 -8.085 -4.193 -6.756 7.463 5.636 -6.665 4.980 -6.723 -2.376 
-8.559 7.142 9.251 -5.939 9.375 0.734 5.907 7.077 -3.359 1.792 
1.242 -0.497 4.415 -2.374 -0.564 -1.706 -6.319 8.994 -8.287 -9.615 
4.134 -4.061 9.698 -9.878 -3.538 9.381 3.330 -0.456 -7.208 8.332 
-3.661 -6.871 -0.246 9.340 9.954 -2.181 -2.856 6.204 -4.695 -7.757 
-6.200 -9.114 7.165 -7.267 7.168 -1.587 -7.584 -0.356 6.603 -9.548 
-0.938 -6.829 -3.711 -4.068 -1.736 -4.115 -8.519 4.013 -2.044 6.419 
0.721 -0.985 -7.426 6.650 -0.675 4.765 4.549 -8.017 -7.091 -4.524 
2.264 -4.706 9.575 2.177 -4.607 7.073 9.824 9.401 -3.262 1.208 
