3.961 8.083 2.022 9.581 -8.636 -0.627 -0.158 -1.205 -2.140 6.125 
9.872 -1.560 0.815 -7.315 -8.347 -2.729 9.496 7.074 8.334 1.916 
-2.411 -9.339 8.329 -6.526 -3.706 2.708 -1.868 7.099 6.261 -6.788 
4.214 3.920 4.449 -6.437 7.906 2.241 0.703 -6.359 -7.565 -0.012 
6.644 4.993 -0.924 -2.359 0.287 6.412 -6.283 0.566 0.051 -2.340 
7.545 -2.619 -0.696 7.247 0.041 4.685 4.007 -9.054 -9.233 0.675 
4.943 8.934 -2.936 -1.709 4.450 -9.765 0.598 3.912 -8.018 3.447 
8.415 -8.488 6.141 -0.572 7.115 4.297 -7.928 9.984 -3.913 9.939 
-6.901 -8.102 8.793 1.632 0.726 4.491 -6.963 -5.022 6.993 5.254 
-2.551 -3.121 -9.642 2.889 -2.786 3.211 -3.416 6.020 -4.809 7.308 
