2772
12592
8
0
0
0
0
0
0
0
0
0
8
0
0
0
0
0
0
0
0
0
0
0
0
0
0
0
0
0
0
0
0
0
426
0
0
0
0
0
3
0
5
5
0
0
25
6
16
0
1
0
0
0
0
0
0
0
1
0
0
0
0
0
0
21
0
5
2
17
2
2
4
2
2
7
0
0
0
2
1
0
1
0
4
5
5
1
0
2
0
0
2
1
0
0
0
0
0
185
43
98
85
243
41
54
104
159
0
12
87
60
163
184
38
3
126
136
185
58
21
35
6
28
4
0
0
0
0
0
0
0
0
0
0
0
0
0
0
0
0
0
0
0
0
0
0
3
10
0
0
0
0
9
0
0
0
0
0
0
0
0
0
0
0
0
0
0
0
0
0
0
0
0
0
0
0
0
0
0
0
0
0
0
0
0
0
0
0
0
0
0
0
0
0
0
0
0
0
0
0
0
0
0
0
0
0
0
0
0
0
0
0
0
0
0
0
0
0
0
0
0
0
0
0
0
0
0
0
0
0
0
0
0
0
0
0
0
0
0
0
0
0
0
0
0
0
0
0
0
0
0
0
0
0
0
0
0
